  0    1    2    3    4  
* 1    2  * 4  *10  *11  

  0    1    2    3  
 îí   îí   çï   çï  

  0    1    2    3    4  
 çï    2   çï   çï   çï  

  0    1    2    3    4  
  1  * 3    5  * 8  * 9  

  0    1    2    3    4    5  
* 1    2  * 4  * 5  *10  *11  

  0    1    2    3    4  
 îí  * 3   îí  * 8   çï  

  0    1    2    3    4    5  
 çï    2   çï  * 5   çï   çï  

  0    1    2    3    4    5  
  1  * 3    5  * 8  * 9   11  

  0    1    2    3    4    5    6  
* 1    2  * 4  * 5  *10   10  *11  

  0    1    2    3    4    5  
 îí  * 3   îí  * 8   çï   11  

  0    1    2    3    4    5    6  
 çï    2   çï  * 5   çï   10   çï  

  0    1    2    3    4    5    6  
  1  * 3    5  * 6  * 8  * 9   11  

  0    1    2    3    4    5    6    7  
* 0  * 1    2  * 4  * 5  *10   10  *11  

  0    1    2    3    4    5    6  
 îí  * 3   îí  * 6  * 8   çï   11  

  0    1    2    3    4    5    6    7  
* 0   çï    2   çï  * 5   çï   10   çï  

  0    1    2    3    4    5    6    7  
  1  * 3    3    5  * 6  * 8  * 9   11  

  0    1    2    3    4    5    6    7    8  
* 0  * 1    2  * 4  * 5    9  *10   10  *11  

  0    1    2    3    4    5    6    7  
 îí  * 3    3   îí  * 6  * 8   çï   11  

  0    1    2    3    4    5    6    7    8  
* 0   çï    2   çï  * 5    9   çï   10   çï  

  0    1    2    3    4    5    6    7    8  
  1  * 3    3    5  * 6  * 7  * 8  * 9   11  

  0    1    2    3    4    5    6    7    8    9  
* 0  * 1    2  * 4  * 5    6    9  *10   10  *11  

  0    1    2    3    4    5    6    7    8  
 îí  * 3    3   îí  * 6  * 7  * 8   çï   11  

  0    1    2    3    4    5    6    7    8    9  
* 0   çï    2   çï  * 5    6    9   çï   10  *11  

  0    1    2    3    4    5    6    7    8    9  
  1  * 3    3    4    5  * 6  * 7  * 8  * 9   11  

  0    1    2    3    4    5    6    7    8    9   10  
* 0    0  * 1    2  * 4  * 5    6    9  *10   10  *11  

  0    1    2    3    4    5    6    7    8    9  
 îí  * 3    3    4   îí  * 6  * 7  * 8   çï   11  

  0    1    2    3    4    5    6    7    8    9   10  
* 0    0   çï    2   çï  * 5    6    9   çï   10  *11  

  0    1    2    3    4    5    6    7    8    9   10  
  1  * 3    3    4    5  * 6  * 7    7  * 8  * 9   11  

  0    1    2    3    4    5    6    7    8    9   10   11  
* 0    0  * 1  * 2    2  * 4  * 5    6    9  *10   10  *11  

  0    1    2    3    4    5    6    7    8    9   10  
 îí  * 3    3    4   îí  * 6  * 7    7  * 8   çï   11  

  0    1    2    3    4    5    6    7    8    9   10   11  
* 0    0   çï  * 2    2   çï  * 5    6    9   çï   10  *11  

  0    1    2    3    4    5    6    7    8    9   10   11  
  1  * 3    3    4    5  * 6  * 7    7  * 8    8  * 9   11  

  0    1    2    3    4    5    6    7    8    9   10   11  
* 0    0  * 1  * 2    2  * 4  * 5    6    9  *10   10  *11  

  0    1    2    3    4    5    6    7    8    9   10   11  
 îí  * 3    3    4    5  * 6  * 7    7  * 8    8   çï   11  

  0    1    2    3    4    5    6    7    8    9   10   11  
* 0    0   çï  * 2    2   çï  * 5    6    9  *10   10  *11  

  0    1    2    3    4    5    6    7    8    9   10   11  
  1  * 3    3    4    5  * 6  * 7    7  * 8    8  * 9   11  

ÉvÉåÉCÉÑÅ[2ÇÃèüÇøÇ≈Ç∑
  0    1    2    3    4    5    6    7    8    9   10   11  
* 0    0  * 1  * 2    2  * 4  * 5    6    9  *10   10  *11  

  0    1    2    3    4    5    6    7    8    9   10   11  
 îí  * 3    3    4    5  * 6  * 7    7  * 8    8   çï   11  

