  0    1    2    3    4  
* 3    3    7    8    9  

  0    1    2    3  
 îí   çï   îí   çï  

  0    1    2    3    4  
 çï   îí   îí    8   îí  

  0    1    2    3    4  
  0  * 4  * 5    6  * 9  

  0    1    2    3    4    5  
* 3    3  * 7    7    8    9  

  0    1    2    3    4  
 îí  * 4   çï   îí   çï  

  0    1    2    3    4    5  
 çï   îí   çï   îí    8   îí  

  0    1    2    3    4    5  
  0  * 4  * 5    6  * 9   11  

  0    1    2    3    4    5    6  
* 3    3  * 7    7    8    9   10  

  0    1    2    3    4    5  
  0  * 4   çï   îí   çï   11  

  0    1    2    3    4    5    6  
 çï   îí   çï   îí    8   îí   10  

  0    1    2    3    4    5    6  
  0    2  * 4  * 5    6  * 9   11  

  0    1    2    3    4    5    6    7  
* 3    3    5  * 7    7    8    9   10  

  0    1    2    3    4    5    6  
  0    2  * 4   çï   îí   çï   11  

  0    1    2    3    4    5    6    7  
 çï   îí    5   çï   îí    8   îí   10  

  0    1    2    3    4    5    6    7  
  0    1    2  * 4  * 5    6  * 9   11  

  0    1    2    3    4    5    6    7    8  
* 3    3    5  * 7    7    8    9  *10   10  

  0    1    2    3    4    5    6    7  
  0    1    2  * 4   çï   îí   çï   11  

  0    1    2    3    4    5    6    7    8  
 çï   îí    5   çï   îí    8   îí  *10   10  

  0    1    2    3    4    5    6    7    8  
  0    1    2  * 4  * 5    6  * 8  * 9   11  

  0    1    2    3    4    5    6    7    8    9  
* 3    3    5  * 7    7    8    9  *10   10  *11  

  0    1    2    3    4    5    6    7    8  
  0    1    2  * 4   çï   îí   çï   çï   11  

  0    1    2    3    4    5    6    7    8    9  
 çï   îí    5  * 7   îí    8   îí  *10   10  *11  

  0    1    2    3    4    5    6    7    8    9  
  0  * 1    1    2  * 4  * 5    6  * 8  * 9   11  

  0    1    2    3    4    5    6    7    8    9   10  
* 2  * 3    3    5  * 7    7    8    9  *10   10  *11  

  0    1    2    3    4    5    6    7    8    9  
  0  * 1    1    2  * 4   çï   îí   çï   çï   11  

  0    1    2    3    4    5    6    7    8    9   10  
* 2   çï   îí    5  * 7   îí    8   îí  *10   10  *11  

  0    1    2    3    4    5    6    7    8    9   10  
  0  * 1    1    2  * 4    4  * 5    6  * 8  * 9   11  

  0    1    2    3    4    5    6    7    8    9   10   11  
* 2  * 3    3    5  * 6  * 7    7    8    9  *10   10  *11  

  0    1    2    3    4    5    6    7    8    9   10  
  0  * 1    1    2  * 4    4   çï   îí   çï   çï   11  

  0    1    2    3    4    5    6    7    8    9   10   11  
* 2   çï   îí    5  * 6  * 7   îí    8   îí  *10   10  *11  

  0    1    2    3    4    5    6    7    8    9   10   11  
* 0    0  * 1    1    2  * 4    4  * 5    6  * 8  * 9   11  

  0    1    2    3    4    5    6    7    8    9   10   11  
* 2  * 3    3    5  * 6  * 7    7    8    9  *10   10  *11  

  0    1    2    3    4    5    6    7    8    9   10   11  
 çï    0  * 1    1    2  * 4    4   çï   îí   çï   çï   11  

  0    1    2    3    4    5    6    7    8    9   10   11  
* 2  * 3   îí    5  * 6  * 7   îí    8   îí  *10   10  *11  

  0    1    2    3    4    5    6    7    8    9   10   11  
* 0    0  * 1    1    2  * 4    4  * 5    6  * 8  * 9   11  

  0    1    2    3    4    5    6    7    8    9   10   11  
* 2  * 3    3    5  * 6  * 7    7    8    9  *10   10  *11  

  0    1    2    3    4    5    6    7    8    9   10   11  
* 0    0  * 1    1    2  * 4    4   çï   îí   çï   çï   11  

  0    1    2    3    4    5    6    7    8    9   10   11  
* 2  * 3   îí    5  * 6  * 7   îí    8   îí  *10   10  *11  

  0    1    2    3    4    5    6    7    8    9   10   11  
* 0    0  * 1    1    2  * 4    4  * 5    6  * 8  * 9   11  

  0    1    2    3    4    5    6    7    8    9   10   11  
* 2  * 3    3    5  * 6  * 7    7    8    9  *10   10  *11  

  0    1    2    3    4    5    6    7    8    9   10   11  
* 0    0  * 1    1    2  * 4    4   çï   îí   çï   çï   11  

  0    1    2    3    4    5    6    7    8    9   10   11  
* 2  * 3   îí    5  * 6  * 7   îí    8   îí  *10   10  *11  

  0    1    2    3    4    5    6    7    8    9   10   11  
* 0    0  * 1    1    2  * 4    4  * 5    6  * 8  * 9   11  

  0    1    2    3    4    5    6    7    8    9   10   11  
* 2  * 3    3    5  * 6  * 7    7    8    9  *10   10  *11  

  0    1    2    3    4    5    6    7    8    9   10   11  
* 0    0  * 1    1    2  * 4    4   çï   îí   çï   çï   11  

  0    1    2    3    4    5    6    7    8    9   10   11  
* 2  * 3    3    5  * 6  * 7   îí    8   îí  *10   10  *11  

  0    1    2    3    4    5    6    7    8    9   10   11  
* 0    0  * 1    1    2  * 4    4  * 5    6  * 8  * 9   11  

  0    1    2    3    4    5    6    7    8    9   10   11  
* 2  * 3    3    5  * 6  * 7    7    8    9  *10   10  *11  

  0    1    2    3    4    5    6    7    8    9   10   11  
* 0    0  * 1    1    2  * 4    4   çï   îí   çï   çï   11  

  0    1    2    3    4    5    6    7    8    9   10   11  
* 2  * 3    3    5  * 6  * 7   îí    8   îí  *10   10  *11  

  0    1    2    3    4    5    6    7    8    9   10   11  
* 0    0  * 1    1    2  * 4    4  * 5    6  * 8  * 9   11  

  0    1    2    3    4    5    6    7    8    9   10   11  
* 2  * 3    3    5  * 6  * 7    7    8    9  *10   10  *11  

  0    1    2    3    4    5    6    7    8    9   10   11  
* 0    0  * 1    1    2  * 4    4   çï   îí   çï   çï   11  

  0    1    2    3    4    5    6    7    8    9   10   11  
* 2  * 3    3    5  * 6  * 7   îí    8   îí  *10   10  *11  

  0    1    2    3    4    5    6    7    8    9   10   11  
* 0    0  * 1    1    2  * 4    4  * 5    6  * 8  * 9   11  

  0    1    2    3    4    5    6    7    8    9   10   11  
* 2  * 3    3    5  * 6  * 7    7    8    9  *10   10  *11  

  0    1    2    3    4    5    6    7    8    9   10   11  
* 0    0  * 1    1    2  * 4    4   çï   îí   çï   çï   11  

  0    1    2    3    4    5    6    7    8    9   10   11  
* 2  * 3    3    5  * 6  * 7   îí    8   îí  *10   10  *11  

  0    1    2    3    4    5    6    7    8    9   10   11  
* 0    0  * 1    1    2  * 4    4  * 5    6  * 8  * 9   11  

  0    1    2    3    4    5    6    7    8    9   10   11  
* 2  * 3    3    5  * 6  * 7    7    8    9  *10   10  *11  

  0    1    2    3    4    5    6    7    8    9   10   11  
* 0    0  * 1    1    2  * 4    4   çï   îí   çï   çï   11  

  0    1    2    3    4    5    6    7    8    9   10   11  
* 2  * 3    3    5  * 6  * 7   îí    8   îí  *10   10  *11  

  0    1    2    3    4    5    6    7    8    9   10   11  
* 0    0  * 1    1    2  * 4    4  * 5    6  * 8  * 9   11  

  0    1    2    3    4    5    6    7    8    9   10   11  
* 2  * 3    3    5  * 6  * 7    7    8    9  *10   10  *11  

  0    1    2    3    4    5    6    7    8    9   10   11  
* 0    0  * 1    1    2  * 4    4   çï   îí   çï   çï   11  

  0    1    2    3    4    5    6    7    8    9   10   11  
* 2  * 3    3    5  * 6  * 7   îí    8   îí  *10   10  *11  

  0    1    2    3    4    5    6    7    8    9   10   11  
* 0    0  * 1    1    2  * 4    4  * 5    6  * 8  * 9   11  

  0    1    2    3    4    5    6    7    8    9   10   11  
* 2  * 3    3    5  * 6  * 7    7    8    9  *10   10  *11  

  0    1    2    3    4    5    6    7    8    9   10   11  
* 0    0  * 1    1    2  * 4    4   çï   îí   çï   çï   11  

  0    1    2    3    4    5    6    7    8    9   10   11  
* 2  * 3    3    5  * 6  * 7   îí    8   îí  *10   10  *11  

  0    1    2    3    4    5    6    7    8    9   10   11  
* 0    0  * 1    1    2  * 4    4  * 5    6  * 8  * 9   11  

  0    1    2    3    4    5    6    7    8    9   10   11  
* 2  * 3    3    5  * 6  * 7    7    8    9  *10   10  *11  

  0    1    2    3    4    5    6    7    8    9   10   11  
* 0    0  * 1    1    2  * 4    4   çï   îí   çï   çï   11  

  0    1    2    3    4    5    6    7    8    9   10   11  
* 2  * 3    3    5  * 6  * 7   îí    8   îí  *10   10  *11  

  0    1    2    3    4    5    6    7    8    9   10   11  
* 0    0  * 1    1    2  * 4    4  * 5    6  * 8  * 9   11  

  0    1    2    3    4    5    6    7    8    9   10   11  
* 2  * 3    3    5  * 6  * 7    7    8    9  *10   10  *11  

  0    1    2    3    4    5    6    7    8    9   10   11  
* 0    0  * 1    1    2  * 4    4   çï   îí   çï   çï   11  

  0    1    2    3    4    5    6    7    8    9   10   11  
* 2  * 3    3    5  * 6  * 7   îí    8   îí  *10   10  *11  

  0    1    2    3    4    5    6    7    8    9   10   11  
* 0    0  * 1    1    2  * 4    4  * 5    6  * 8  * 9   11  

  0    1    2    3    4    5    6    7    8    9   10   11  
* 2  * 3    3    5  * 6  * 7    7    8    9  *10   10  *11  

  0    1    2    3    4    5    6    7    8    9   10   11  
* 0    0  * 1    1    2  * 4    4   çï   îí   çï   çï   11  

  0    1    2    3    4    5    6    7    8    9   10   11  
* 2  * 3    3    5  * 6  * 7   îí    8   îí  *10   10  *11  

  0    1    2    3    4    5    6    7    8    9   10   11  
* 0    0  * 1    1    2  * 4    4  * 5    6  * 8  * 9   11  

  0    1    2    3    4    5    6    7    8    9   10   11  
* 2  * 3    3    5  * 6  * 7    7    8    9  *10   10  *11  

  0    1    2    3    4    5    6    7    8    9   10   11  
* 0    0  * 1    1    2  * 4    4   çï   îí   çï   çï   11  

  0    1    2    3    4    5    6    7    8    9   10   11  
* 2  * 3    3    5  * 6  * 7   îí    8   îí  *10   10  *11  

  0    1    2    3    4    5    6    7    8    9   10   11  
* 0    0  * 1    1    2  * 4    4  * 5    6  * 8  * 9   11  

  0    1    2    3    4    5    6    7    8    9   10   11  
* 2  * 3    3    5  * 6  * 7    7    8    9  *10   10  *11  

  0    1    2    3    4    5    6    7    8    9   10   11  
* 0    0  * 1    1    2  * 4    4   çï   îí   çï   çï   11  

  0    1    2    3    4    5    6    7    8    9   10   11  
* 2  * 3    3    5  * 6  * 7   îí    8   îí  *10   10  *11  

  0    1    2    3    4    5    6    7    8    9   10   11  
* 0    0  * 1    1    2  * 4    4  * 5    6  * 8  * 9   11  

  0    1    2    3    4    5    6    7    8    9   10   11  
* 2  * 3    3    5  * 6  * 7    7    8    9  *10   10  *11  

  0    1    2    3    4    5    6    7    8    9   10   11  
* 0    0  * 1    1    2  * 4    4   çï   îí   çï   çï   11  

  0    1    2    3    4    5    6    7    8    9   10   11  
* 2  * 3    3    5  * 6  * 7   îí    8   îí  *10   10  *11  

  0    1    2    3    4    5    6    7    8    9   10   11  
* 0    0  * 1    1    2  * 4    4  * 5    6  * 8  * 9   11  

  0    1    2    3    4    5    6    7    8    9   10   11  
* 2  * 3    3    5  * 6  * 7    7    8    9  *10   10  *11  

  0    1    2    3    4    5    6    7    8    9   10   11  
* 0    0  * 1    1    2  * 4    4   çï   îí   çï   çï   11  

  0    1    2    3    4    5    6    7    8    9   10   11  
* 2  * 3    3    5  * 6  * 7   îí    8   îí  *10   10  *11  

  0    1    2    3    4    5    6    7    8    9   10   11  
* 0    0  * 1    1    2  * 4    4  * 5    6  * 8  * 9   11  

  0    1    2    3    4    5    6    7    8    9   10   11  
* 2  * 3    3    5  * 6  * 7    7    8    9  *10   10  *11  

  0    1    2    3    4    5    6    7    8    9   10   11  
* 0    0  * 1    1    2  * 4    4   çï   îí   çï   çï   11  

  0    1    2    3    4    5    6    7    8    9   10   11  
* 2  * 3    3    5  * 6  * 7   îí    8   îí  *10   10  *11  

  0    1    2    3    4    5    6    7    8    9   10   11  
* 0    0  * 1    1    2  * 4    4  * 5    6  * 8  * 9   11  

  0    1    2    3    4    5    6    7    8    9   10   11  
* 2  * 3    3    5  * 6  * 7    7    8    9  *10   10  *11  

  0    1    2    3    4    5    6    7    8    9   10   11  
* 0    0  * 1    1    2  * 4    4   çï   îí   çï   çï   11  

  0    1    2    3    4    5    6    7    8    9   10   11  
* 2  * 3    3    5  * 6  * 7   îí    8   îí  *10   10  *11  

  0    1    2    3    4    5    6    7    8    9   10   11  
* 0    0  * 1    1    2  * 4    4  * 5    6  * 8  * 9   11  

  0    1    2    3    4    5    6    7    8    9   10   11  
* 2  * 3    3    5  * 6  * 7    7    8    9  *10   10  *11  

  0    1    2    3    4    5    6    7    8    9   10   11  
* 0    0  * 1    1    2  * 4    4   çï   îí   çï   çï   11  

  0    1    2    3    4    5    6    7    8    9   10   11  
* 2  * 3    3    5  * 6  * 7   îí    8   îí  *10   10  *11  

  0    1    2    3    4    5    6    7    8    9   10   11  
* 0    0  * 1    1    2  * 4    4  * 5    6  * 8  * 9   11  

  0    1    2    3    4    5    6    7    8    9   10   11  
* 2  * 3    3    5  * 6  * 7    7    8    9  *10   10  *11  

  0    1    2    3    4    5    6    7    8    9   10   11  
* 0    0  * 1    1    2  * 4    4   çï   îí   çï   çï   11  

  0    1    2    3    4    5    6    7    8    9   10   11  
* 2  * 3    3    5  * 6  * 7    7    8   îí  *10   10  *11  

  0    1    2    3    4    5    6    7    8    9   10   11  
* 0    0  * 1    1    2  * 4    4  * 5    6  * 8  * 9   11  

  0    1    2    3    4    5    6    7    8    9   10   11  
* 2  * 3    3    5  * 6  * 7    7    8    9  *10   10  *11  

  0    1    2    3    4    5    6    7    8    9   10   11  
* 0    0  * 1    1    2  * 4    4   çï   îí   çï   çï   11  

  0    1    2    3    4    5    6    7    8    9   10   11  
* 2  * 3    3    5  * 6  * 7    7    8   îí  *10   10  *11  

  0    1    2    3    4    5    6    7    8    9   10   11  
* 0    0  * 1    1    2  * 4    4  * 5    6  * 8  * 9   11  

  0    1    2    3    4    5    6    7    8    9   10   11  
* 2  * 3    3    5  * 6  * 7    7    8    9  *10   10  *11  

  0    1    2    3    4    5    6    7    8    9   10   11  
* 0    0  * 1    1    2  * 4    4   çï   îí   çï   çï   11  

  0    1    2    3    4    5    6    7    8    9   10   11  
* 2  * 3    3    5  * 6  * 7    7    8   îí  *10   10  *11  

  0    1    2    3    4    5    6    7    8    9   10   11  
* 0    0  * 1    1    2  * 4    4  * 5    6  * 8  * 9   11  

  0    1    2    3    4    5    6    7    8    9   10   11  
* 2  * 3    3    5  * 6  * 7    7    8    9  *10   10  *11  

  0    1    2    3    4    5    6    7    8    9   10   11  
* 0    0  * 1    1    2  * 4    4   çï    6   çï   çï   11  

  0    1    2    3    4    5    6    7    8    9   10   11  
* 2  * 3    3    5  * 6  * 7    7    8   îí  *10   10  *11  

  0    1    2    3    4    5    6    7    8    9   10   11  
* 0    0  * 1    1    2  * 4    4  * 5    6  * 8  * 9   11  

  0    1    2    3    4    5    6    7    8    9   10   11  
* 2  * 3    3    5  * 6  * 7    7    8    9  *10   10  *11  

  0    1    2    3    4    5    6    7    8    9   10   11  
* 0    0  * 1    1    2  * 4    4   çï    6   çï   çï   11  

  0    1    2    3    4    5    6    7    8    9   10   11  
* 2  * 3    3    5  * 6  * 7    7    8   îí  *10   10  *11  

  0    1    2    3    4    5    6    7    8    9   10   11  
* 0    0  * 1    1    2  * 4    4  * 5    6  * 8  * 9   11  

  0    1    2    3    4    5    6    7    8    9   10   11  
* 2  * 3    3    5  * 6  * 7    7    8    9  *10   10  *11  

  0    1    2    3    4    5    6    7    8    9   10   11  
* 0    0  * 1    1    2  * 4    4   çï    6   çï   çï   11  

  0    1    2    3    4    5    6    7    8    9   10   11  
* 2  * 3    3    5  * 6  * 7    7    8   îí  *10   10  *11  

  0    1    2    3    4    5    6    7    8    9   10   11  
* 0    0  * 1    1    2  * 4    4  * 5    6  * 8  * 9   11  

  0    1    2    3    4    5    6    7    8    9   10   11  
* 2  * 3    3    5  * 6  * 7    7    8    9  *10   10  *11  

  0    1    2    3    4    5    6    7    8    9   10   11  
* 0    0  * 1    1    2  * 4    4   çï    6   çï  * 9   11  

  0    1    2    3    4    5    6    7    8    9   10   11  
* 2  * 3    3    5  * 6  * 7    7    8   îí  *10   10  *11  

  0    1    2    3    4    5    6    7    8    9   10   11  
* 0    0  * 1    1    2  * 4    4  * 5    6  * 8  * 9   11  

  0    1    2    3    4    5    6    7    8    9   10   11  
* 2  * 3    3    5  * 6  * 7    7    8    9  *10   10  *11  

  0    1    2    3    4    5    6    7    8    9   10   11  
* 0    0  * 1    1    2  * 4    4   çï    6   çï  * 9   11  

  0    1    2    3    4    5    6    7    8    9   10   11  
* 2  * 3    3    5  * 6  * 7    7    8   îí  *10   10  *11  

  0    1    2    3    4    5    6    7    8    9   10   11  
* 0    0  * 1    1    2  * 4    4  * 5    6  * 8  * 9   11  

  0    1    2    3    4    5    6    7    8    9   10   11  
* 2  * 3    3    5  * 6  * 7    7    8    9  *10   10  *11  

  0    1    2    3    4    5    6    7    8    9   10   11  
* 0    0  * 1    1    2  * 4    4   çï    6   çï  * 9   11  

  0    1    2    3    4    5    6    7    8    9   10   11  
* 2  * 3    3    5  * 6  * 7    7    8   îí  *10   10  *11  

  0    1    2    3    4    5    6    7    8    9   10   11  
* 0    0  * 1    1    2  * 4    4  * 5    6  * 8  * 9   11  

  0    1    2    3    4    5    6    7    8    9   10   11  
* 2  * 3    3    5  * 6  * 7    7    8    9  *10   10  *11  

  0    1    2    3    4    5    6    7    8    9   10   11  
* 0    0  * 1    1    2  * 4    4   çï    6   çï  * 9   11  

  0    1    2    3    4    5    6    7    8    9   10   11  
* 2  * 3    3    5  * 6  * 7    7    8   îí  *10   10  *11  

  0    1    2    3    4    5    6    7    8    9   10   11  
* 0    0  * 1    1    2  * 4    4  * 5    6  * 8  * 9   11  

  0    1    2    3    4    5    6    7    8    9   10   11  
* 2  * 3    3    5  * 6  * 7    7    8    9  *10   10  *11  

  0    1    2    3    4    5    6    7    8    9   10   11  
* 0    0  * 1    1    2  * 4    4   çï    6   çï  * 9   11  

  0    1    2    3    4    5    6    7    8    9   10   11  
* 2  * 3    3    5  * 6  * 7    7    8   îí  *10   10  *11  

  0    1    2    3    4    5    6    7    8    9   10   11  
* 0    0  * 1    1    2  * 4    4  * 5    6  * 8  * 9   11  

  0    1    2    3    4    5    6    7    8    9   10   11  
* 2  * 3    3    5  * 6  * 7    7    8    9  *10   10  *11  

  0    1    2    3    4    5    6    7    8    9   10   11  
* 0    0  * 1    1    2  * 4    4   çï    6  * 8  * 9   11  

  0    1    2    3    4    5    6    7    8    9   10   11  
* 2  * 3    3    5  * 6  * 7    7    8   îí  *10   10  *11  

  0    1    2    3    4    5    6    7    8    9   10   11  
* 0    0  * 1    1    2  * 4    4  * 5    6  * 8  * 9   11  

  0    1    2    3    4    5    6    7    8    9   10   11  
* 2  * 3    3    5  * 6  * 7    7    8    9  *10   10  *11  

  0    1    2    3    4    5    6    7    8    9   10   11  
* 0    0  * 1    1    2  * 4    4   çï    6  * 8  * 9   11  

  0    1    2    3    4    5    6    7    8    9   10   11  
* 2  * 3    3    5  * 6  * 7    7    8   îí  *10   10  *11  

  0    1    2    3    4    5    6    7    8    9   10   11  
* 0    0  * 1    1    2  * 4    4  * 5    6  * 8  * 9   11  

  0    1    2    3    4    5    6    7    8    9   10   11  
* 2  * 3    3    5  * 6  * 7    7    8    9  *10   10  *11  

  0    1    2    3    4    5    6    7    8    9   10   11  
* 0    0  * 1    1    2  * 4    4   çï    6  * 8  * 9   11  

  0    1    2    3    4    5    6    7    8    9   10   11  
* 2  * 3    3    5  * 6  * 7    7    8   îí  *10   10  *11  

  0    1    2    3    4    5    6    7    8    9   10   11  
* 0    0  * 1    1    2  * 4    4  * 5    6  * 8  * 9   11  

  0    1    2    3    4    5    6    7    8    9   10   11  
* 2  * 3    3    5  * 6  * 7    7    8    9  *10   10  *11  

  0    1    2    3    4    5    6    7    8    9   10   11  
* 0    0  * 1    1    2  * 4    4   çï    6  * 8  * 9   11  

  0    1    2    3    4    5    6    7    8    9   10   11  
* 2  * 3    3    5  * 6  * 7    7    8   îí  *10   10  *11  

  0    1    2    3    4    5    6    7    8    9   10   11  
* 0    0  * 1    1    2  * 4    4  * 5    6  * 8  * 9   11  

  0    1    2    3    4    5    6    7    8    9   10   11  
* 2  * 3    3    5  * 6  * 7    7    8    9  *10   10  *11  

  0    1    2    3    4    5    6    7    8    9   10   11  
* 0    0  * 1    1    2  * 4    4   çï    6  * 8  * 9   11  

  0    1    2    3    4    5    6    7    8    9   10   11  
* 2  * 3    3    5  * 6  * 7    7    8   îí  *10   10  *11  

  0    1    2    3    4    5    6    7    8    9   10   11  
* 0    0  * 1    1    2  * 4    4  * 5    6  * 8  * 9   11  

  0    1    2    3    4    5    6    7    8    9   10   11  
* 2  * 3    3    5  * 6  * 7    7    8    9  *10   10  *11  

  0    1    2    3    4    5    6    7    8    9   10   11  
* 0    0  * 1    1    2  * 4    4   çï    6  * 8  * 9   11  

  0    1    2    3    4    5    6    7    8    9   10   11  
* 2  * 3    3    5  * 6  * 7    7    8   îí  *10   10  *11  

  0    1    2    3    4    5    6    7    8    9   10   11  
* 0    0  * 1    1    2  * 4    4  * 5    6  * 8  * 9   11  

  0    1    2    3    4    5    6    7    8    9   10   11  
* 2  * 3    3    5  * 6  * 7    7    8    9  *10   10  *11  

  0    1    2    3    4    5    6    7    8    9   10   11  
* 0    0  * 1    1    2  * 4    4   çï    6  * 8  * 9   11  

  0    1    2    3    4    5    6    7    8    9   10   11  
* 2  * 3    3    5  * 6  * 7    7    8   îí  *10   10  *11  

  0    1    2    3    4    5    6    7    8    9   10   11  
* 0    0  * 1    1    2  * 4    4  * 5    6  * 8  * 9   11  

  0    1    2    3    4    5    6    7    8    9   10   11  
* 2  * 3    3    5  * 6  * 7    7    8    9  *10   10  *11  

  0    1    2    3    4    5    6    7    8    9   10   11  
* 0    0  * 1    1    2  * 4    4   çï    6  * 8  * 9   11  

  0    1    2    3    4    5    6    7    8    9   10   11  
* 2  * 3    3    5  * 6  * 7    7    8   îí  *10   10  *11  

  0    1    2    3    4    5    6    7    8    9   10   11  
* 0    0  * 1    1    2  * 4    4  * 5    6  * 8  * 9   11  

  0    1    2    3    4    5    6    7    8    9   10   11  
* 2  * 3    3    5  * 6  * 7    7    8    9  *10   10  *11  

  0    1    2    3    4    5    6    7    8    9   10   11  
* 0    0  * 1    1    2  * 4    4   çï    6  * 8  * 9   11  

  0    1    2    3    4    5    6    7    8    9   10   11  
* 2  * 3    3    5  * 6  * 7    7    8   îí  *10   10  *11  

  0    1    2    3    4    5    6    7    8    9   10   11  
* 0    0  * 1    1    2  * 4    4  * 5    6  * 8  * 9   11  

  0    1    2    3    4    5    6    7    8    9   10   11  
* 2  * 3    3    5  * 6  * 7    7    8    9  *10   10  *11  

  0    1    2    3    4    5    6    7    8    9   10   11  
* 0    0  * 1    1    2  * 4    4   çï    6  * 8  * 9   11  

  0    1    2    3    4    5    6    7    8    9   10   11  
* 2  * 3    3    5  * 6  * 7    7    8   îí  *10   10  *11  

  0    1    2    3    4    5    6    7    8    9   10   11  
* 0    0  * 1    1    2  * 4    4  * 5    6  * 8  * 9   11  

  0    1    2    3    4    5    6    7    8    9   10   11  
* 2  * 3    3    5  * 6  * 7    7    8    9  *10   10  *11  

  0    1    2    3    4    5    6    7    8    9   10   11  
* 0    0  * 1    1    2  * 4    4   çï    6  * 8  * 9   11  

  0    1    2    3    4    5    6    7    8    9   10   11  
* 2  * 3    3    5  * 6  * 7    7    8   îí  *10   10  *11  

  0    1    2    3    4    5    6    7    8    9   10   11  
* 0    0  * 1    1    2  * 4    4  * 5    6  * 8  * 9   11  

  0    1    2    3    4    5    6    7    8    9   10   11  
* 2  * 3    3    5  * 6  * 7    7    8    9  *10   10  *11  

  0    1    2    3    4    5    6    7    8    9   10   11  
* 0    0  * 1    1    2  * 4    4   çï    6  * 8  * 9   11  

  0    1    2    3    4    5    6    7    8    9   10   11  
* 2  * 3    3    5  * 6  * 7    7    8   îí  *10   10  *11  

  0    1    2    3    4    5    6    7    8    9   10   11  
* 0    0  * 1    1    2  * 4    4  * 5    6  * 8  * 9   11  

  0    1    2    3    4    5    6    7    8    9   10   11  
* 2  * 3    3    5  * 6  * 7    7    8    9  *10   10  *11  

  0    1    2    3    4    5    6    7    8    9   10   11  
* 0    0  * 1    1    2  * 4    4   çï    6  * 8  * 9   11  

  0    1    2    3    4    5    6    7    8    9   10   11  
* 2  * 3    3    5  * 6  * 7    7    8   îí  *10   10  *11  

  0    1    2    3    4    5    6    7    8    9   10   11  
* 0    0  * 1    1    2  * 4    4  * 5    6  * 8  * 9   11  

  0    1    2    3    4    5    6    7    8    9   10   11  
* 2  * 3    3    5  * 6  * 7    7    8    9  *10   10  *11  

  0    1    2    3    4    5    6    7    8    9   10   11  
* 0    0  * 1    1    2  * 4    4   çï    6  * 8  * 9   11  

  0    1    2    3    4    5    6    7    8    9   10   11  
* 2  * 3    3    5  * 6  * 7    7    8   îí  *10   10  *11  

  0    1    2    3    4    5    6    7    8    9   10   11  
* 0    0  * 1    1    2  * 4    4  * 5    6  * 8  * 9   11  

  0    1    2    3    4    5    6    7    8    9   10   11  
* 2  * 3    3    5  * 6  * 7    7    8    9  *10   10  *11  

  0    1    2    3    4    5    6    7    8    9   10   11  
* 0    0  * 1    1    2  * 4    4   çï    6  * 8  * 9   11  

  0    1    2    3    4    5    6    7    8    9   10   11  
* 2  * 3    3    5  * 6  * 7    7    8   îí  *10   10  *11  

  0    1    2    3    4    5    6    7    8    9   10   11  
* 0    0  * 1    1    2  * 4    4  * 5    6  * 8  * 9   11  

  0    1    2    3    4    5    6    7    8    9   10   11  
* 2  * 3    3    5  * 6  * 7    7    8    9  *10   10  *11  

  0    1    2    3    4    5    6    7    8    9   10   11  
* 0    0  * 1    1    2  * 4    4   çï    6  * 8  * 9   11  

  0    1    2    3    4    5    6    7    8    9   10   11  
* 2  * 3    3    5  * 6  * 7    7    8   îí  *10   10  *11  

  0    1    2    3    4    5    6    7    8    9   10   11  
* 0    0  * 1    1    2  * 4    4  * 5    6  * 8  * 9   11  

  0    1    2    3    4    5    6    7    8    9   10   11  
* 2  * 3    3    5  * 6  * 7    7    8    9  *10   10  *11  

  0    1    2    3    4    5    6    7    8    9   10   11  
* 0    0  * 1    1    2  * 4    4   çï    6  * 8  * 9   11  

  0    1    2    3    4    5    6    7    8    9   10   11  
* 2  * 3    3    5  * 6  * 7    7    8   îí  *10   10  *11  

  0    1    2    3    4    5    6    7    8    9   10   11  
* 0    0  * 1    1    2  * 4    4  * 5    6  * 8  * 9   11  

  0    1    2    3    4    5    6    7    8    9   10   11  
* 2  * 3    3    5  * 6  * 7    7    8    9  *10   10  *11  

  0    1    2    3    4    5    6    7    8    9   10   11  
* 0    0  * 1    1    2  * 4    4   çï    6  * 8  * 9   11  

ÉvÉåÉCÉÑÅ[1ÇÃèüÇøÇ≈Ç∑
  0    1    2    3    4    5    6    7    8    9   10   11  
* 2  * 3    3    5  * 6  * 7    7    8   îí  *10   10  *11  

  0    1    2    3    4    5    6    7    8    9   10   11  
* 0    0  * 1    1    2  * 4    4  * 5    6  * 8  * 9   11  

